Date,Open,High,Low,Close,Volume,Change
2016-01-04,5940,6170,5940,6040,94035,0.015126050420168013
2016-01-05,6100,6100,5710,5950,80551,-0.01490066225165565
2016-01-06,6190,6190,5750,6020,113388,0.0117647058823529
2016-01-07,6020,6120,5820,6020,89389,0.0
2016-01-08,5960,5970,5700,5840,189698,-0.029900332225913595
2016-01-11,5910,5910,5600,5700,161572,-0.023972602739726012
2016-01-12,5620,5800,5600,5660,59397,-0.007017543859649145
2016-01-13,5650,6100,5630,5810,60475,0.026501766784452263
2016-01-14,5810,5810,5500,5700,120516,-0.018932874354561147
2016-01-15,5720,5780,5500,5680,141750,-0.0035087719298245723
2016-01-18,5650,5650,5460,5600,52400,-0.014084507042253502
2016-01-19,5620,5620,5470,5600,82909,0.0
2016-01-20,5580,5590,5330,5360,98797,-0.042857142857142816
2016-01-21,5400,5750,5240,5350,137197,-0.001865671641791078
2016-01-22,5300,5500,5260,5330,64248,-0.0037383177570093906
2016-01-25,5330,5350,5110,5240,149773,-0.016885553470919357
2016-01-26,5270,5570,5190,5230,98681,-0.001908396946564861
2016-01-27,5380,5380,5000,5030,180505,-0.03824091778202676
2016-01-28,5030,5080,4900,5060,112846,0.005964214711729587
2016-01-29,5060,5060,4940,4960,65089,-0.01976284584980237
2016-02-01,4925,4970,4610,4700,253266,-0.05241935483870963
2016-02-02,4940,4940,4370,4450,217304,-0.05319148936170215
2016-02-03,4315,4840,4315,4550,277297,0.022471910112359605
2016-02-04,4665,5280,4545,5250,417511,0.15384615384615374
2016-02-05,5450,5780,4910,5000,489696,-0.04761904761904767
2016-02-11,4630,4890,4630,4760,166741,-0.04800000000000004
2016-02-12,4680,4780,4100,4440,194470,-0.0672268907563025
2016-02-15,4440,4765,4300,4455,184195,0.0033783783783782884
2016-02-16,4400,4530,4370,4470,158381,0.0033670033670034627
2016-02-17,4450,5280,4400,4880,423310,0.09172259507829983
2016-02-18,4880,4990,4725,4785,129812,-0.01946721311475408
2016-02-19,4650,5140,4515,5020,143528,0.04911180773249746
2016-02-22,5030,5600,5030,5290,234234,0.05378486055776888
2016-02-23,5350,5710,5240,5510,219251,0.041587901701323204
2016-02-24,5520,5660,5330,5380,139315,-0.023593466424682408
2016-02-25,5500,5500,5150,5250,115175,-0.024163568773234223
2016-02-26,5150,5330,5020,5230,102018,-0.003809523809523818
2016-02-29,5220,5290,5040,5130,59199,-0.019120458891013437
2016-03-02,5270,5270,5000,5140,63347,0.0019493177387914784
2016-03-03,5260,5260,4965,5010,74555,-0.02529182879377434
2016-03-04,5000,5160,4860,5090,91913,0.015968063872255467
2016-03-07,5110,5110,4900,5000,77403,-0.017681728880157177
2016-03-08,4965,5010,4840,4920,51526,-0.016000000000000014
2016-03-09,4965,5120,4850,4850,84447,-0.014227642276422814
2016-03-10,5030,5030,4770,4840,73185,-0.0020618556701030855
2016-03-11,4810,4910,4740,4905,74633,0.013429752066115741
2016-03-14,4760,5050,4760,4915,54341,0.0020387359836901986
2016-03-15,4870,5140,4870,4950,86906,0.007121057985757906
2016-03-16,4950,5040,4920,4950,65271,0.0
2016-03-17,4920,5240,4920,5230,96122,0.056565656565656486
2016-03-18,5350,5850,5280,5740,399015,0.09751434034416828
2016-03-21,5800,5800,5610,5630,96010,-0.019163763066202044
2016-03-22,5600,5680,5400,5560,93863,-0.01243339253996445
2016-03-23,5500,5700,5490,5490,71927,-0.01258992805755399
2016-03-24,5420,5580,5420,5490,32196,0.0
2016-03-25,5640,5640,5280,5280,71638,-0.03825136612021862
2016-03-28,5350,5350,5100,5130,77370,-0.02840909090909094
2016-03-29,5150,5320,5070,5070,81689,-0.011695906432748537
2016-03-30,5050,5350,5050,5180,77703,0.021696252465483346
2016-03-31,5150,5310,5100,5270,57039,0.01737451737451745
2016-04-01,5310,5310,5020,5190,66851,-0.015180265654648917
2016-04-04,5220,5220,4990,5030,104063,-0.030828516377649273
2016-04-05,5030,5080,4880,4905,100312,-0.0248508946322068
2016-04-06,4905,5210,4900,5210,143632,0.06218144750254839
2016-04-07,5210,5730,5210,5470,192163,0.0499040307101728
2016-04-08,5410,5650,5350,5400,123321,-0.012797074954296161
2016-04-11,5400,5650,5400,5620,148111,0.040740740740740744
2016-04-12,5670,5670,5440,5440,88408,-0.03202846975088969
2016-04-14,5400,5550,5210,5290,72674,-0.02757352941176472
2016-04-15,5400,5450,5160,5170,64270,-0.022684310018903586
2016-04-18,5180,5410,5070,5200,50246,0.005802707930367523
2016-04-19,5190,5280,5140,5240,42682,0.007692307692307665
2016-04-20,5330,5330,5100,5110,65015,-0.024809160305343525
2016-04-21,5120,5250,5120,5220,63515,0.021526418786692814
2016-04-22,5200,5500,5200,5200,128894,-0.003831417624521105
2016-04-25,5200,5350,5120,5250,70122,0.009615384615384581
2016-04-26,5300,5870,5210,5840,706909,0.11238095238095247
2016-04-27,5840,7480,5840,7000,2126848,0.19863013698630128
2016-04-28,7080,7190,6710,6990,595701,-0.0014285714285714457
2016-04-29,7040,7630,7040,7310,954505,0.045779685264663916
2016-05-02,7510,8500,7510,8400,1645169,0.1491108071135432
2016-05-03,8000,8200,6210,6800,3483433,-0.19047619047619047
2016-05-04,6970,7040,6480,6820,671779,0.002941176470588225
2016-05-09,6830,6830,5920,5990,1156056,-0.1217008797653959
2016-05-10,5990,6310,5990,6140,390055,0.025041736227044975
2016-05-11,6180,6890,6140,6640,700960,0.08143322475570036
2016-05-12,6710,7090,6620,6960,405027,0.04819277108433728
2016-05-13,7000,7000,6630,6820,174604,-0.02011494252873558
2016-05-16,6500,7110,5900,7100,729229,0.04105571847507328
2016-05-17,7020,7160,6820,6910,272013,-0.026760563380281654
2016-05-18,6910,7090,6700,6800,187763,-0.01591895803183796
2016-05-19,6750,7010,6700,6990,289129,0.027941176470588136
2016-05-20,7060,7380,7060,7200,484440,0.030042918454935563
2016-05-23,7110,8460,7110,7980,925744,0.10833333333333339
2016-05-24,8180,8450,7150,7700,978416,-0.03508771929824561
2016-05-25,7880,7880,7250,7590,305216,-0.014285714285714235
2016-05-26,7580,7580,7270,7360,165182,-0.030303030303030276
2016-05-27,7450,7600,7230,7230,244066,-0.017663043478260865
2016-05-30,7400,7690,7150,7480,259521,0.03457814661134173
2016-05-31,7610,7610,6330,6580,663607,-0.1203208556149733
2016-06-01,6760,7200,6690,7040,294311,0.06990881458966558
2016-06-02,7200,7550,7200,7480,424251,0.0625
2016-06-03,8000,8300,7300,7410,790170,-0.009358288770053513
2016-06-07,7750,7750,7140,7190,295408,-0.029689608636977005
2016-06-08,7200,7590,7190,7320,320320,0.018080667593880495
2016-06-09,7320,7320,6990,7150,389563,-0.023224043715846965
2016-06-10,7110,7110,6530,6720,714036,-0.06013986013986017
2016-06-13,6720,6980,6650,6970,270686,0.03720238095238093
2016-06-14,6970,7080,6800,6900,260267,-0.010043041606886627
2016-06-15,7000,7080,6700,6870,156253,-0.004347826086956497
2016-06-16,6880,6880,6470,6600,219617,-0.0393013100436681
2016-06-17,6840,6840,6270,6300,403871,-0.045454545454545414
2016-06-20,6250,6810,6000,6790,467302,0.07777777777777772
2016-06-21,6790,6900,6470,6580,324134,-0.030927835051546393
2016-06-22,6580,6660,6290,6320,230838,-0.03951367781155013
2016-06-23,6320,6380,6010,6150,236332,-0.026898734177215222
2016-06-24,6280,6280,5440,5890,477888,-0.042276422764227606
2016-06-27,5320,5940,5320,5940,161130,0.008488964346349714
2016-06-28,5960,6390,5760,6160,313432,0.03703703703703698
2016-06-29,6220,6240,6090,6170,158866,0.0016233766233766378
2016-06-30,6150,6380,5850,5850,465122,-0.05186385737439225
2016-07-01,5900,5980,5750,5900,207969,0.008547008547008517
2016-07-04,5900,6100,5850,5900,195985,0.0
2016-07-05,5990,6010,5860,5860,127847,-0.006779661016949157
2016-07-06,5890,6050,5850,5920,215051,0.010238907849829282
2016-07-07,5980,6420,5980,6320,486187,0.06756756756756754
2016-07-08,6480,7180,6380,7020,890742,0.110759493670886
2016-07-11,7150,7310,6900,7070,478323,0.007122507122507171
2016-07-12,7110,7290,6750,7160,386556,0.012729844413012836
2016-07-13,7150,7200,6920,6920,299732,-0.03351955307262566
2016-07-14,7020,7020,6010,6650,1164826,-0.039017341040462394
2016-07-15,6650,6650,6210,6340,506773,-0.046616541353383445
2016-07-18,6380,6420,6080,6340,277718,0.0
2016-07-19,6340,6400,6090,6100,331364,-0.03785488958990535
2016-07-20,6000,6270,5900,6030,386724,-0.011475409836065542
2016-07-21,6030,6080,5920,6020,336390,-0.0016583747927031434
2016-07-22,5990,6220,5420,5830,1363268,-0.031561461794019974
2016-07-25,5830,6100,5620,5750,335575,-0.013722126929674117
2016-07-26,5850,5880,5700,5760,136943,0.0017391304347826875
2016-07-27,5700,5840,5430,5720,414801,-0.00694444444444442
2016-07-28,5840,5880,5690,5770,233248,0.00874125874125875
2016-07-29,5710,5810,5610,5740,92257,-0.005199306759098743
2016-08-01,5810,6100,5810,6060,317716,0.05574912891986061
2016-08-02,6000,6100,5910,6000,134472,-0.00990099009900991
2016-08-03,6050,6050,5810,5930,125631,-0.011666666666666714
2016-08-04,5980,5980,5650,5680,124797,-0.042158516020236125
2016-08-05,5750,5790,5200,5390,264138,-0.051056338028169
2016-08-08,5390,5490,5120,5220,190402,-0.03153988868274582
2016-08-09,5290,5390,5100,5370,133638,0.028735632183908066
2016-08-10,5300,5390,5120,5380,113087,0.0018621973929235924
2016-08-11,5370,5380,5240,5270,91547,-0.020446096654275103
2016-08-12,5260,5360,5180,5270,81386,0.0
2016-08-16,5200,5650,5190,5530,116537,0.04933586337760909
2016-08-17,5550,5760,5550,5740,229378,0.03797468354430378
2016-08-18,5740,6090,5740,6000,233844,0.04529616724738683
2016-08-19,6030,6280,5970,6180,323251,0.030000000000000027
2016-08-22,6180,6290,6100,6140,168774,-0.006472491909385147
2016-08-23,6240,6240,6070,6080,155746,-0.009771986970684043
2016-08-24,6140,6140,5710,5800,218910,-0.046052631578947345
2016-08-25,5820,5980,5460,5600,172549,-0.03448275862068961
2016-08-26,5750,6000,5500,5970,280580,0.06607142857142856
2016-08-29,6100,6250,5940,6040,312026,0.011725293132328396
2016-08-30,6000,6150,5970,6040,84091,0.0
2016-08-31,6130,6130,5650,5850,87187,-0.0314569536423841
2016-09-01,5800,5910,5500,5690,190235,-0.027350427350427364
2016-09-02,5750,6180,5250,5660,138638,-0.005272407732864637
2016-09-05,5550,5650,5360,5460,290138,-0.035335689045936425
2016-09-06,5410,5900,5350,5470,159421,0.001831501831501825
2016-09-07,5470,5560,5250,5300,149372,-0.031078610603290646
2016-09-08,5440,5440,5080,5250,115741,-0.009433962264150941
2016-09-09,5250,5270,5020,5250,144849,0.0
2016-09-12,5200,5300,5100,5200,101870,-0.00952380952380949
2016-09-13,5200,5630,5170,5480,191850,0.05384615384615388
2016-09-19,5700,6120,5610,6050,627675,0.10401459854014594
2016-09-20,6120,6410,5950,6290,479567,0.03966942148760322
2016-09-21,6290,6590,6000,6000,558627,-0.04610492845786962
2016-09-22,6180,6270,5940,6070,243627,0.011666666666666714
2016-09-23,6010,6300,5870,5880,314942,-0.03130148270181221
2016-09-26,5950,6020,5770,5900,174745,0.00340136054421758
2016-09-27,5900,5980,5650,5980,182535,0.013559322033898313
2016-09-28,5920,6180,5840,5960,249193,-0.0033444816053511683
2016-09-29,6080,6080,5690,5700,280516,-0.043624161073825496
2016-09-30,5570,5790,5500,5730,192633,0.0052631578947368585
2016-10-04,5720,5830,5600,5690,187819,-0.006980802792321161
2016-10-05,5660,5790,5480,5720,177436,0.005272407732864748
2016-10-06,5830,5850,5570,5660,131344,-0.010489510489510523
2016-10-07,5660,5770,5460,5590,232116,-0.012367491166077715
2016-10-10,5430,5650,5430,5490,105646,-0.017889087656529523
2016-10-11,5550,6100,5350,5960,338240,0.08561020036429867
2016-10-12,5850,6020,5700,5710,194886,-0.04194630872483218
2016-10-13,5820,5950,5690,5890,239533,0.031523642732049106
2016-10-14,5900,5920,5680,5800,188276,-0.015280135823429575
2016-10-17,5850,5850,5590,5730,162560,-0.012068965517241348
2016-10-18,5680,5700,5500,5690,163802,-0.006980802792321161
2016-10-19,5540,5910,5540,5760,392985,0.012302284710017597
2016-10-20,5700,5760,5540,5580,157702,-0.03125
2016-10-21,5430,5890,5430,5790,351494,0.037634408602150504
2016-10-24,5910,5910,5710,5790,153604,0.0
2016-10-25,5730,5830,5520,5540,149817,-0.04317789291882557
2016-10-26,5580,5600,5140,5460,234261,-0.014440433212996373
2016-10-27,5460,5460,5200,5360,182243,-0.01831501831501836
2016-10-28,5360,5360,5080,5190,201622,-0.03171641791044777
2016-10-31,5100,5190,4690,5040,292002,-0.028901734104046284
2016-11-01,4850,5320,4700,5070,265032,0.005952380952380931
2016-11-02,5170,5170,4365,4410,399687,-0.1301775147928994
2016-11-03,4210,4470,3090,3120,6403151,-0.2925170068027211
2016-11-04,3130,3400,3010,3225,1387629,0.033653846153846256
2016-11-07,3300,3495,3235,3335,585761,0.03410852713178292
2016-11-08,3355,3445,3300,3400,466224,0.019490254872563728
2016-11-09,3380,3410,2820,3315,671720,-0.025000000000000022
2016-11-10,3395,4140,3315,3980,1177748,0.20060331825037703
2016-11-11,4000,4530,4000,4530,848198,0.13819095477386933
2016-11-14,4695,4935,4230,4490,944790,-0.008830022075055233
2016-11-15,4450,4450,4125,4325,315199,-0.03674832962138086
2016-11-16,4325,4440,4200,4245,177922,-0.018497109826589586
2016-11-17,4350,4350,4030,4045,220432,-0.04711425206124853
2016-11-18,4050,4160,3865,4095,213323,0.012360939431396822
2016-11-21,4140,4140,3815,3870,174958,-0.05494505494505497
2016-11-22,3865,4035,3700,3940,115029,0.01808785529715773
2016-11-23,3995,3995,3140,3360,1006924,-0.14720812182741116
2016-11-24,3340,3425,2880,3000,634677,-0.1071428571428571
2016-11-25,3085,3280,2855,3005,642499,0.0016666666666667052
2016-11-28,3020,3115,2840,2855,426973,-0.04991680532445919
2016-11-29,2925,3170,2855,3000,308795,0.05078809106830118
2016-11-30,2955,3195,2425,2505,950929,-0.16500000000000004
2016-12-01,2545,2695,2065,2590,1729960,0.03393213572854292
2016-12-02,2630,2960,2590,2645,1102355,0.021235521235521304
2016-12-05,2700,2815,2400,2445,443511,-0.07561436672967858
2016-12-06,2415,2605,2400,2400,301899,-0.018404907975460127
2016-12-07,2400,2435,2175,2210,376028,-0.07916666666666672
2016-12-08,2210,2230,1925,2045,1934500,-0.07466063348416285
2016-12-09,2045,2245,1950,2090,860197,0.022004889975550057
2016-12-12,2190,2360,2105,2275,1020814,0.08851674641148333
2016-12-13,2225,2345,2160,2250,482593,-0.01098901098901095
2016-12-14,2310,2310,2190,2200,245405,-0.022222222222222254
2016-12-15,2215,2390,2115,2315,440173,0.05227272727272725
2016-12-16,2305,2390,2290,2375,302846,0.02591792656587466
2016-12-19,2375,2545,2375,2470,475879,0.040000000000000036
2016-12-20,2440,2535,2375,2380,301037,-0.036437246963562764
2016-12-21,2380,2440,2220,2295,430592,-0.0357142857142857
2016-12-22,2270,2285,2195,2225,284344,-0.030501089324618702
2016-12-23,2195,2220,2040,2040,590719,-0.08314606741573038
2016-12-26,2035,2085,1860,2020,965324,-0.009803921568627416
2016-12-27,2080,2120,1900,1950,570253,-0.034653465346534684
2016-12-28,1895,2080,1880,2070,573448,0.06153846153846154
2016-12-29,2130,2500,2100,2350,4193855,0.13526570048309172
2017-01-02,2375,2390,2205,2265,677111,-0.036170212765957444
2017-01-03,2255,2345,2200,2225,435176,-0.017660044150110354
2017-01-04,2260,2735,2205,2525,5626456,0.1348314606741574
2017-01-05,2515,2780,2455,2660,2869495,0.05346534653465351
2017-01-06,2655,2710,2595,2625,775944,-0.013157894736842146
2017-01-09,2665,2690,2590,2630,374801,0.0019047619047618536
2017-01-10,2620,2710,2550,2630,600619,0.0
2017-01-11,2680,2680,2450,2480,610699,-0.057034220532319435
2017-01-12,2530,2585,2340,2420,718280,-0.024193548387096753
2017-01-13,2420,2490,2360,2425,445094,0.0020661157024792765
2017-01-16,2425,2565,2415,2520,671049,0.039175257731958846
2017-01-17,2505,2555,2430,2510,424114,-0.003968253968253954
2017-01-18,2540,2555,2390,2390,205625,-0.047808764940239
2017-01-19,2410,2520,2300,2300,368269,-0.03765690376569042
2017-01-20,2345,2345,2100,2100,551509,-0.08695652173913049
2017-01-23,2110,2190,1990,2085,407601,-0.0071428571428571175
2017-01-24,2100,2100,1970,1970,430924,-0.05515587529976018
2017-01-25,2010,2045,1990,2005,194794,0.017766497461928932
2017-01-26,2030,2270,1995,2130,822704,0.06234413965087282
2017-01-31,2145,2220,2090,2155,245780,0.011737089201877993
2017-02-01,2155,2155,2085,2100,357866,-0.025522041763341052
2017-02-02,2080,2090,1965,1965,569096,-0.06428571428571428
2017-02-03,1970,2040,1920,1975,371568,0.0050890585241729624
2017-02-06,1990,2050,1970,1990,275721,0.0075949367088608
2017-02-07,2000,2035,1895,1925,344413,-0.03266331658291455
2017-02-08,1925,1930,1735,1870,783545,-0.02857142857142858
2017-02-09,1860,1860,1780,1850,293502,-0.010695187165775444
2017-02-10,1850,1850,1765,1775,268716,-0.04054054054054057
2017-02-13,1395,1420,1245,1255,4732705,-0.2929577464788733
2017-02-14,1250,1330,1195,1280,3078584,0.019920318725099584
2017-02-15,1320,1575,1305,1430,6523557,0.1171875
2017-02-16,1400,1430,1325,1355,862740,-0.05244755244755239
2017-02-17,1365,1565,1325,1400,3565000,0.03321033210332103
2017-02-20,1390,1445,1300,1315,985978,-0.06071428571428572
2017-02-21,1320,1360,1300,1350,441220,0.026615969581748944
2017-02-22,1370,1590,1365,1425,4947675,0.05555555555555558
2017-02-23,1425,1425,1355,1375,765607,-0.03508771929824561
2017-02-24,1365,1370,1280,1300,756971,-0.054545454545454564
2017-02-27,1310,1370,1270,1305,670946,0.0038461538461538325
2017-02-28,1285,1350,1275,1275,460812,-0.02298850574712641
2017-03-02,1220,1225,1025,1080,3343261,-0.15294117647058825
2017-03-03,1105,1135,1035,1110,916857,0.02777777777777768
2017-03-06,1090,1125,1065,1100,381960,-0.009009009009009028
2017-03-07,1110,1110,1050,1090,352473,-0.009090909090909038
2017-03-08,1095,1320,1080,1155,8747028,0.059633027522935755
2017-03-09,1150,1240,1130,1195,2502358,0.03463203463203457
2017-03-10,1180,1250,1090,1165,1895390,-0.025104602510460206
2017-03-13,1160,1230,1155,1200,808968,0.030042918454935563
2017-03-14,1225,1225,1120,1170,622597,-0.025000000000000022
2017-03-15,1170,1170,1100,1125,442050,-0.038461538461538436
2017-03-16,1125,1160,1105,1115,328529,-0.008888888888888835
2017-03-17,1140,1160,1085,1125,375350,0.008968609865470878
2017-03-20,1105,1120,1055,1070,314735,-0.04888888888888887
2017-03-21,1060,1145,1055,1110,536135,0.03738317757009346
2017-03-22,1105,1105,1030,1055,521587,-0.0495495495495496
2017-03-23,1035,1115,990,1055,707524,0.0
2017-03-24,1015,1070,996,1040,1257197,-0.014218009478673022
2017-03-27,1040,1040,945,945,673091,-0.09134615384615385
2017-03-28,955,981,906,931,501204,-0.014814814814814836
2017-03-29,932,944,911,928,207598,-0.0032223415682062218
2017-03-30,920,929,897,920,324455,-0.008620689655172376
2017-03-31,920,1070,906,977,1483173,0.061956521739130466
2017-04-03,977,985,950,961,177063,-0.016376663254861867
2017-04-04,963,1120,943,1025,2273365,0.06659729448491158
2017-04-05,1050,1190,1025,1130,3803431,0.102439024390244
2017-04-06,1100,1135,1040,1125,1057336,-0.004424778761061954
2017-04-07,1125,1125,1065,1065,399804,-0.053333333333333344
2017-04-10,1050,1075,1005,1030,234125,-0.032863849765258246
2017-04-11,1010,1070,1000,1010,211350,-0.01941747572815533
2017-04-12,1005,1030,999,1000,154024,-0.00990099009900991
2017-04-13,1015,1140,1005,1075,996761,0.07499999999999996
2017-04-14,1055,1090,1030,1030,192129,-0.041860465116279055
2017-04-17,1055,1085,1015,1045,243840,0.014563106796116498
2017-04-18,1055,1105,1030,1070,309006,0.02392344497607657
2017-04-19,1070,1150,1050,1090,599173,0.01869158878504673
2017-04-20,1090,1135,1090,1100,293673,0.00917431192660545
2017-04-21,1105,1120,1070,1095,132818,-0.004545454545454519
2017-04-24,1095,1100,1040,1040,151393,-0.05022831050228316
2017-04-25,1045,1080,1040,1070,111478,0.028846153846153744
2017-04-26,1095,1100,1055,1075,189151,0.004672897196261738
2017-04-27,1085,1135,1040,1130,455439,0.051162790697674376
2017-04-28,1145,1165,1115,1145,342021,0.01327433628318575
2017-05-02,1150,1365,1150,1205,2778525,0.05240174672489073
2017-05-04,1215,1215,1120,1140,624433,-0.053941908713692976
2017-05-08,1155,1160,1105,1135,179802,-0.004385964912280715
2017-05-10,1130,1130,1080,1120,258482,-0.013215859030836996
2017-05-11,1120,1160,1120,1145,295679,0.022321428571428603
2017-05-12,1150,1160,1060,1090,534618,-0.048034934497816595
2017-05-15,1050,1080,1040,1050,220136,-0.03669724770642202
2017-05-16,1070,1080,1035,1070,95239,0.01904761904761898
2017-05-17,1070,1080,1005,1025,391502,-0.04205607476635509
2017-05-18,1010,1030,996,1010,294270,-0.014634146341463428
2017-05-19,1010,1045,973,1035,478543,0.024752475247524774
2017-05-22,1035,1040,1000,1030,168993,-0.004830917874396157
2017-05-23,1035,1070,1005,1050,168690,0.01941747572815533
2017-05-24,1050,1055,1030,1030,72906,-0.01904761904761909
2017-05-25,1020,1135,1005,1120,1191188,0.08737864077669899
2017-05-26,1120,1165,1090,1140,487582,0.017857142857142794
2017-05-29,1130,1135,1065,1090,325291,-0.04385964912280704
2017-05-30,1075,1095,1005,1055,511019,-0.032110091743119296
2017-05-31,1035,1070,1030,1040,168682,-0.014218009478673022
2017-06-01,1040,1050,1020,1040,111476,0.0
2017-06-02,1045,1200,1025,1110,1675281,0.06730769230769229
2017-06-05,1090,1105,1060,1100,311000,-0.009009009009009028
2017-06-07,1105,1360,1080,1270,11574226,0.15454545454545454
2017-06-08,1250,1305,1200,1275,2049828,0.003937007874015741
2017-06-09,1295,1475,1245,1350,8495508,0.05882352941176472
2017-06-12,1330,1405,1265,1320,1243909,-0.022222222222222254
2017-06-13,1345,1365,1260,1275,1193549,-0.03409090909090906
2017-06-14,1295,1300,1230,1300,860173,0.019607843137254832
2017-06-15,1270,1295,1240,1280,393164,-0.01538461538461533
2017-06-16,1260,1360,1250,1260,932995,-0.015625
2017-06-19,1240,1245,1195,1245,494360,-0.011904761904761862
2017-06-20,1255,1255,1185,1185,348359,-0.048192771084337394
2017-06-21,1195,1365,1170,1235,2346417,0.04219409282700415
2017-06-22,1235,1295,1205,1245,646364,0.00809716599190291
2017-06-23,1255,1290,1220,1235,322967,-0.008032128514056214
2017-06-26,1215,1240,1120,1165,777703,-0.05668016194331982
2017-06-27,1175,1175,1070,1085,599307,-0.06866952789699576
2017-06-28,1080,1150,1055,1120,434897,0.032258064516129004
2017-06-29,1130,1155,1085,1105,148107,-0.013392857142857095
2017-06-30,1105,1125,1065,1075,230815,-0.02714932126696834
2017-07-03,1075,1080,1030,1045,226990,-0.027906976744186074
2017-07-04,1050,1080,1030,1070,152978,0.02392344497607657
2017-07-05,1070,1080,1050,1065,55161,-0.004672897196261627
2017-07-06,1070,1105,1050,1080,164847,0.014084507042253502
2017-07-07,1080,1080,1025,1040,258319,-0.03703703703703709
2017-07-10,1040,1040,997,998,469004,-0.04038461538461535
2017-07-11,1010,1015,998,1015,131852,0.017034068136272618
2017-07-12,1005,1100,990,1030,443529,0.014778325123152802
2017-07-13,1035,1050,1000,1025,126850,-0.004854368932038833
2017-07-14,1040,1050,1000,1005,188340,-0.019512195121951237
2017-07-17,1005,1060,996,1035,153321,0.029850746268656803
2017-07-18,1035,1135,1030,1070,870790,0.033816425120772875
2017-07-19,1075,1105,1050,1090,174153,0.01869158878504673
2017-07-20,1095,1130,1065,1080,283657,-0.00917431192660545
2017-07-21,1100,1100,1060,1065,123710,-0.01388888888888884
2017-07-24,1060,1085,1060,1085,70731,0.018779342723004744
2017-07-25,1085,1185,1065,1090,942406,0.004608294930875667
2017-07-26,1095,1175,1090,1115,1005326,0.022935779816513735
2017-07-27,1100,1240,1100,1160,2844804,0.04035874439461873
2017-07-28,1160,1230,1125,1160,1248412,0.0
2017-07-31,1190,1230,1145,1155,504905,-0.004310344827586188
2017-08-01,1135,1175,1120,1135,271412,-0.017316017316017285
2017-08-02,1150,1155,1075,1130,324440,-0.004405286343612369
2017-08-03,1120,1125,1070,1095,346461,-0.030973451327433676
2017-08-04,1115,1200,1110,1135,1018138,0.0365296803652968
2017-08-07,1155,1180,1115,1130,565612,-0.004405286343612369
2017-08-08,1130,1160,1080,1085,454575,-0.03982300884955747
2017-08-09,1085,1125,1085,1095,146804,0.009216589861751112
2017-08-10,1100,1160,1095,1155,540573,0.0547945205479452
2017-08-11,1160,1205,961,1010,1464202,-0.1255411255411255
2017-08-14,1035,1035,991,996,333121,-0.013861386138613874
2017-08-16,994,1010,984,984,175067,-0.012048192771084376
2017-08-17,980,990,941,947,264930,-0.03760162601626016
2017-08-18,1230,1230,1175,1230,1754827,0.2988384371700106
2017-08-21,1150,1275,1075,1125,6024795,-0.08536585365853655
2017-08-22,1190,1400,1150,1310,16414409,0.1644444444444444
2017-08-23,1270,1280,1205,1255,2964254,-0.041984732824427495
2017-08-24,1270,1270,1155,1160,1672984,-0.07569721115537853
2017-08-25,1175,1180,1140,1165,923305,0.004310344827586299
2017-08-28,1155,1235,1125,1225,1264106,0.05150214592274671
2017-08-29,1280,1305,1170,1170,1700499,-0.04489795918367345
2017-08-30,1180,1230,1135,1225,673600,0.047008547008547064
2017-08-31,1225,1415,1180,1350,3939892,0.1020408163265305
2017-09-01,1350,1355,1250,1275,1167200,-0.05555555555555558
2017-09-04,1215,1285,1195,1275,469622,0.0
2017-09-05,1275,1295,1220,1225,374453,-0.039215686274509776
2017-09-06,1220,1245,1165,1190,242938,-0.02857142857142858
2017-09-07,1190,1225,1145,1165,616977,-0.021008403361344574
2017-09-08,1145,1185,1130,1145,395455,-0.01716738197424894
2017-09-11,1165,1260,1160,1175,1342910,0.026200873362445476
2017-09-12,1170,1200,1120,1175,392819,0.0
2017-09-13,1190,1190,1155,1160,140619,-0.012765957446808529
2017-09-14,1180,1180,1135,1145,133388,-0.012931034482758674
2017-09-15,1145,1160,1115,1130,234070,-0.013100436681222738
2017-09-18,1130,1155,1120,1145,144054,0.01327433628318575
2017-09-19,1165,1240,1125,1145,608494,0.0
2017-09-20,1145,1150,1080,1105,284179,-0.03493449781659386
2017-09-21,1095,1110,1030,1040,200326,-0.05882352941176472
2017-09-22,1060,1070,1005,1030,122446,-0.009615384615384581
2017-09-25,1020,1030,980,1000,252754,-0.029126213592232997
2017-09-26,990,1025,973,999,165197,-0.0010000000000000009
2017-09-27,1015,1025,998,998,132287,-0.0010010010010009784
2017-09-28,992,1100,992,1050,538775,0.05210420841683372
2017-09-29,1060,1100,1040,1055,156795,0.004761904761904745
2017-10-10,1055,1070,1035,1050,92970,-0.004739336492891044
2017-10-11,1065,1085,1030,1040,67109,-0.00952380952380949
2017-10-12,1060,1070,1035,1045,86867,0.004807692307692291
2017-10-13,1040,1115,1015,1090,713492,0.04306220095693769
2017-10-16,1080,1110,1075,1080,133452,-0.00917431192660545
2017-10-17,1085,1130,1050,1130,322191,0.04629629629629628
2017-10-18,1125,1155,1100,1155,366588,0.022123893805309658
2017-10-19,1160,1165,1115,1165,314021,0.008658008658008587
2017-10-20,1165,1220,1150,1155,734599,-0.008583690987124415
2017-10-23,1145,1160,1040,1110,428910,-0.038961038961038974
2017-10-24,1150,1175,1065,1065,602313,-0.04054054054054057
2017-10-25,1070,1125,1020,1080,619747,0.014084507042253502
2017-10-26,1085,1090,1050,1065,147011,-0.01388888888888884
2017-10-27,1065,1080,1060,1065,102539,0.0
2017-10-30,1065,1090,1060,1070,66637,0.0046948356807512415
2017-10-31,1080,1080,1055,1070,75719,0.0
2017-11-01,1070,1085,1000,1055,491618,-0.014018691588784993
2017-11-02,1065,1075,1035,1070,164289,0.014218009478673022
2017-11-03,1080,1080,1040,1050,103782,-0.01869158878504673
2017-11-06,1050,1060,1030,1055,81505,0.004761904761904745
2017-11-07,1060,1125,1045,1100,625695,0.042654028436019065
2017-11-08,1090,1110,1075,1100,177276,0.0
2017-11-09,1125,1130,1090,1125,260184,0.022727272727272707
2017-11-10,1115,1125,1095,1110,186060,-0.013333333333333308
2017-11-13,1100,1110,1070,1075,229160,-0.03153153153153154
2017-11-14,1080,1100,1060,1060,169152,-0.013953488372092981
2017-11-15,1060,1130,1045,1060,469276,0.0
2017-11-16,1070,1125,1065,1095,710744,0.03301886792452824
2017-11-17,1120,1140,1070,1110,268809,0.013698630136986356
2017-11-20,1130,1130,1080,1105,142374,-0.0045045045045044585
2017-11-21,1100,1120,1060,1070,332944,-0.03167420814479638
2017-11-22,1075,1100,1060,1070,179544,0.0
2017-11-23,1075,1075,1045,1050,280183,-0.01869158878504673
2017-11-24,1055,1065,1030,1045,215202,-0.004761904761904745
2017-11-27,1045,1065,1035,1040,134943,-0.004784688995215336
2017-11-28,1035,1065,1030,1030,177409,-0.009615384615384581
2017-11-29,1030,1050,1005,1005,133136,-0.024271844660194164
2017-11-30,1005,1020,990,1000,241500,-0.00497512437810943
2017-12-01,1000,1010,990,1005,182486,0.004999999999999893
2017-12-04,1005,1065,998,1035,330821,0.029850746268656803
2017-12-05,1035,1070,1035,1065,136100,0.02898550724637672
2017-12-06,1055,1075,1000,1005,631105,-0.05633802816901412
2017-12-07,1015,1030,1000,1005,270663,0.0
2017-12-08,1005,1030,999,1005,197721,0.0
2017-12-11,1005,1010,993,995,119858,-0.00995024875621886
2017-12-12,1010,1010,984,1000,134370,0.005025125628140614
2017-12-13,1005,1005,988,997,176159,-0.0030000000000000027
2017-12-14,995,1000,983,990,137339,-0.007021063189568744
2017-12-15,991,1000,982,992,140723,0.002020202020202033
2017-12-18,1005,1005,970,977,181765,-0.015120967741935498
2017-12-19,980,999,968,968,121706,-0.0092118730808598
2017-12-20,978,978,920,948,207807,-0.02066115702479343
2017-12-21,957,957,893,906,261258,-0.044303797468354444
2017-12-22,887,929,872,891,149285,-0.01655629139072845
2017-12-26,904,904,764,818,889356,-0.08193041526374856
2017-12-27,807,850,807,836,143365,0.022004889975550057
2017-12-28,824,848,800,807,297591,-0.03468899521531099
2018-01-02,830,830,810,820,155416,0.01610904584882289
2018-01-03,835,875,815,875,171448,0.06707317073170738
2018-01-04,875,900,860,865,171670,-0.011428571428571455
2018-01-05,880,880,856,874,90652,0.010404624277456698
2018-01-08,890,890,850,877,141991,0.003432494279176135
2018-01-09,877,877,830,860,131009,-0.019384264538198415
2018-01-10,860,870,822,860,195359,0.0
2018-01-11,860,900,834,900,164117,0.04651162790697683
2018-01-12,905,940,883,920,129625,0.022222222222222143
2018-01-15,938,962,910,959,269704,0.04239130434782612
2018-01-16,955,973,916,951,194514,-0.008342022940563076
2018-01-17,958,960,932,951,118705,0.0
2018-01-18,970,1065,956,1000,736454,0.05152471083070442
2018-01-19,1000,1020,991,1015,214755,0.014999999999999902
2018-01-22,1035,1055,984,995,342982,-0.019704433497536922
2018-01-23,1000,1010,965,985,184799,-0.01005025125628145
2018-01-24,985,994,970,979,168084,-0.006091370558375608
2018-01-25,977,985,943,960,159236,-0.019407558733401387
2018-01-26,997,998,939,990,222655,0.03125
2018-01-29,966,1005,966,990,106215,0.0
2018-01-30,988,1000,984,1000,115500,0.010101010101010166
2018-01-31,997,1005,975,998,127822,-0.0020000000000000018
2018-02-01,1000,1010,987,998,135881,0.0
2018-02-02,1000,1025,985,998,176040,0.0
2018-02-05,998,998,969,980,149129,-0.018036072144288595
2018-02-06,940,977,940,967,75833,-0.013265306122449028
2018-02-07,974,1000,953,956,123027,-0.011375387797311287
2018-02-08,974,984,945,975,141636,0.01987447698744771
2018-02-09,990,990,936,976,57916,0.0010256410256410664
2018-02-12,977,998,970,980,119895,0.004098360655737654
2018-02-13,980,1270,978,1270,3916890,0.29591836734693877
2018-02-14,1395,1635,1175,1180,10859751,-0.07086614173228345
2018-02-19,1160,1265,1130,1250,1324875,0.05932203389830515
2018-02-20,1260,1265,1160,1195,569317,-0.04400000000000004
2018-02-21,1210,1355,1090,1220,3188139,0.02092050209205021
2018-02-22,1245,1345,1190,1235,858575,0.012295081967213184
2018-02-23,1235,1260,1170,1205,474734,-0.02429149797570851
2018-02-26,1230,1230,1145,1160,287609,-0.03734439834024894
2018-02-27,1180,1180,1055,1070,1001028,-0.07758620689655171
2018-02-28,1075,1320,1040,1185,4268866,0.10747663551401865
2018-03-02,1185,1340,1125,1265,1864865,0.06751054852320681
2018-03-05,1270,1530,1215,1490,5068669,0.17786561264822143
2018-03-06,1465,1525,1405,1450,1197458,-0.02684563758389258
2018-03-07,1450,1600,1375,1550,1855812,0.06896551724137923
2018-03-08,1585,1650,1465,1550,1029029,0.0
2018-03-09,1555,1580,1515,1550,625367,0.0
2018-03-12,1610,1650,1520,1630,852043,0.05161290322580636
2018-03-13,1630,1690,1600,1655,621672,0.015337423312883347
2018-03-14,1650,1690,1550,1690,835998,0.02114803625377637
2018-03-15,1695,1755,1615,1655,699744,-0.020710059171597628
2018-03-16,1595,1700,1560,1680,744989,0.015105740181268867
2018-03-19,1680,1690,1495,1495,900548,-0.11011904761904767
2018-03-20,1480,1525,1380,1480,914510,-0.010033444816053505
2018-03-21,1495,1510,1040,1425,3614701,-0.03716216216216217
2018-03-22,1425,1720,1300,1470,1809378,0.03157894736842115
2018-03-23,1725,1910,1455,1475,7573640,0.00340136054421758
2018-03-26,1545,1545,1350,1445,923707,-0.02033898305084747
2018-03-27,1445,1465,1305,1305,1045155,-0.09688581314878897
2018-03-28,1290,1385,1240,1320,942412,0.011494252873563315
2018-03-29,1335,1385,1260,1300,986265,-0.015151515151515138
2018-03-30,1305,1490,1275,1455,1769233,0.11923076923076925
2018-04-02,1440,1485,1360,1425,978630,-0.020618556701030966
2018-04-03,1405,1445,1375,1430,482586,0.0035087719298245723
2018-04-04,1430,1450,1300,1365,732621,-0.045454545454545414
2018-04-05,1365,1370,1280,1285,714623,-0.05860805860805862
2018-04-06,1290,1670,1230,1480,10664795,0.15175097276264582
2018-04-09,1480,1920,1465,1920,12819188,0.29729729729729737
2018-04-10,2010,2300,1825,2050,22659876,0.06770833333333326
2018-04-11,2090,2240,2010,2060,7928305,0.004878048780487809
2018-04-12,2005,2030,1815,1860,4439388,-0.09708737864077666
2018-04-13,1815,2035,1785,1875,4737321,0.008064516129032251
2018-04-16,1895,1940,1810,1920,2055144,0.02400000000000002
2018-04-17,1925,1945,1830,1905,1790663,-0.0078125
2018-04-18,1910,2140,1895,1990,6667029,0.044619422572178546
2018-04-19,1980,2045,1850,1895,1441343,-0.047738693467336724
2018-04-20,1900,2050,1830,1980,2400407,0.04485488126649084
2018-04-23,1965,1980,1830,1905,1019177,-0.037878787878787845
2018-04-24,1920,1950,1855,1935,1080783,0.015748031496062964
2018-04-25,1890,1975,1855,1885,910685,-0.025839793281653756
2018-04-26,1885,1890,1730,1825,826754,-0.03183023872679047
2018-04-27,1850,1860,1725,1755,729143,-0.0383561643835616
2018-04-30,1755,1755,1585,1615,989490,-0.07977207977207978
2018-05-02,1570,1640,1510,1610,852347,-0.003095975232198178
2018-05-03,1610,1655,1500,1515,824875,-0.05900621118012417
2018-05-04,1520,1625,1450,1495,1548914,-0.01320132013201325
2018-05-08,1510,1520,1370,1380,1028131,-0.07692307692307687
2018-05-09,1385,1425,1265,1410,1332925,0.021739130434782705
2018-05-10,1430,1430,1350,1360,507130,-0.03546099290780147
2018-05-11,1350,1570,1335,1515,2363645,0.11397058823529416
2018-05-14,1500,1520,1430,1440,751784,-0.04950495049504955
2018-05-15,1440,1455,1380,1385,451829,-0.03819444444444442
2018-05-16,1345,1415,1310,1360,597132,-0.018050541516245522
2018-05-17,1360,1565,1360,1450,1782344,0.06617647058823528
2018-05-18,1450,1480,1405,1455,430294,0.0034482758620688614
2018-05-21,1455,1500,1450,1475,344130,0.013745704467353903
2018-05-23,1490,1525,1460,1500,443543,0.016949152542372836
2018-05-24,1470,1670,1470,1485,1732797,-0.010000000000000009
2018-05-25,1465,1475,1355,1380,659765,-0.07070707070707072
2018-05-28,1385,1480,1350,1460,458559,0.05797101449275366
2018-05-29,1460,1460,1385,1400,349257,-0.04109589041095896
2018-05-30,1405,1415,1335,1360,521528,-0.02857142857142858
2018-05-31,1360,1405,1330,1395,250316,0.025735294117646967
2018-06-01,1410,1410,1355,1380,191896,-0.010752688172043001
2018-06-04,1440,1440,1365,1375,163743,-0.0036231884057971175
2018-06-05,1375,1415,1355,1375,111800,0.0
2018-06-07,1385,1450,1360,1445,383950,0.050909090909091015
2018-06-08,1445,1445,1365,1375,392388,-0.04844290657439443
2018-06-11,1390,1395,1295,1315,607611,-0.043636363636363584
2018-06-12,1340,1340,1265,1265,441397,-0.03802281368821292
2018-06-14,1265,1285,1210,1265,408503,0.0
2018-06-15,1250,1280,1235,1265,145789,0.0
2018-06-18,1250,1355,1250,1300,769773,0.027667984189723382
2018-06-19,1300,1310,1200,1200,301991,-0.07692307692307687
2018-06-20,1200,1255,1180,1225,263951,0.02083333333333326
2018-06-21,1215,1260,1200,1210,104132,-0.01224489795918371
2018-06-22,1210,1210,1130,1180,299531,-0.024793388429752095
2018-06-25,1180,1240,1125,1220,199382,0.03389830508474567
2018-06-26,1220,1220,1160,1210,155135,-0.008196721311475419
2018-06-27,1205,1210,1125,1145,427201,-0.05371900826446285
2018-06-28,1135,1145,1050,1080,541849,-0.05676855895196509
2018-06-29,1070,1100,1040,1070,320214,-0.0092592592592593
2018-07-02,1070,1095,1030,1030,223913,-0.03738317757009346
2018-07-03,1065,1065,973,1015,409595,-0.014563106796116498
2018-07-04,1015,1145,1015,1110,672164,0.09359605911330049
2018-07-05,1085,1105,1040,1065,175560,-0.04054054054054057
2018-07-06,1065,1095,1015,1050,174651,-0.014084507042253502
2018-07-09,1065,1090,1045,1080,194129,0.02857142857142847
2018-07-10,1085,1125,1075,1085,226802,0.004629629629629539
2018-07-11,1085,1095,1040,1095,120185,0.009216589861751112
2018-07-12,1095,1110,1055,1090,139032,-0.004566210045662156
2018-07-13,1090,1095,1060,1090,141377,0.0
2018-07-16,1110,1260,1090,1205,1659682,0.10550458715596323
2018-07-17,1205,1325,1170,1300,890576,0.07883817427385886
2018-07-18,1280,1350,1260,1335,518357,0.026923076923076827
2018-07-19,1325,1335,1270,1325,307485,-0.0074906367041198685
2018-07-20,1320,1320,1265,1295,295673,-0.02264150943396226
2018-07-23,1305,1305,1155,1290,506870,-0.0038610038610038533
2018-07-24,1310,1310,1240,1280,237073,-0.007751937984496138
2018-07-25,1250,1280,1225,1270,181198,-0.0078125
2018-07-26,1245,1290,1185,1240,118305,-0.023622047244094446
2018-07-27,1215,1270,1210,1230,107315,-0.008064516129032251
2018-07-30,1250,1295,1230,1280,169164,0.04065040650406515
2018-07-31,1290,1625,1280,1485,10061191,0.16015625
2018-08-01,1470,1550,1440,1530,2670226,0.030303030303030276
2018-08-02,1510,1530,1425,1480,876476,-0.0326797385620915
2018-08-03,1475,1525,1430,1480,780092,0.0
2018-08-06,1475,1475,1435,1450,336401,-0.020270270270270285
2018-08-07,1445,1445,1400,1435,248344,-0.010344827586206917
2018-08-08,1435,1460,1415,1460,274679,0.017421602787456525
2018-08-09,1465,1470,1365,1420,440051,-0.0273972602739726
2018-08-10,1415,1430,1375,1420,195371,0.0
2018-08-13,1400,1425,1300,1380,343576,-0.028169014084507005
2018-08-14,1375,1375,1290,1330,314731,-0.036231884057971064
2018-08-16,1295,1330,1210,1330,549510,0.0
2018-08-17,1330,1355,1250,1340,251487,0.007518796992481258
2018-08-20,1345,1390,1325,1340,135439,0.0
2018-08-21,1345,1475,1345,1410,1503980,0.052238805970149294
2018-08-22,1410,1420,1365,1400,200387,-0.007092198581560294
2018-08-23,1380,1390,1275,1295,1016525,-0.07499999999999996
2018-08-24,1265,1300,1255,1290,383907,-0.0038610038610038533
2018-08-27,1290,1290,1230,1235,478258,-0.04263565891472865
2018-08-28,1240,1265,1230,1255,202065,0.0161943319838056
2018-08-29,1255,1275,1230,1240,206252,-0.01195219123505975
2018-08-30,1255,1305,1240,1275,294928,0.02822580645161299
2018-08-31,1265,1300,1265,1280,107365,0.0039215686274509665
2018-09-03,1295,1295,1265,1285,143060,0.00390625
2018-09-04,1290,1315,1240,1250,239410,-0.027237354085603127
2018-09-05,1240,1270,1230,1250,144097,0.0
2018-09-06,1255,1255,1185,1205,450052,-0.03600000000000003
2018-09-07,1200,1205,1120,1160,431224,-0.03734439834024894
2018-09-10,1185,1185,1115,1150,191798,-0.008620689655172376
2018-09-11,1140,1155,1110,1140,201369,-0.008695652173912993
2018-09-12,1140,1155,1115,1125,205883,-0.013157894736842146
2018-09-13,1110,1195,1100,1160,242407,0.03111111111111109
2018-09-14,1160,1185,1135,1170,160620,0.008620689655172376
2018-09-17,1165,1190,1120,1130,188826,-0.03418803418803418
2018-09-18,1130,1175,1125,1140,141225,0.008849557522123908
2018-09-19,1150,1165,1105,1115,140132,-0.021929824561403466
2018-09-20,1145,1150,1090,1105,178374,-0.008968609865470878
2018-09-21,1110,1120,1075,1085,159677,-0.018099547511312264
2018-09-27,1085,1140,1080,1120,181681,0.032258064516129004
2018-09-28,1145,1145,1100,1115,142944,-0.004464285714285698
2018-10-01,1115,1115,1060,1085,182726,-0.026905829596412523
2018-10-02,1085,1090,1035,1035,186827,-0.04608294930875578
2018-10-04,1035,1050,1015,1025,120184,-0.009661835748792313
2018-10-05,1005,1080,1005,1060,149269,0.034146341463414664
2018-10-08,1060,1085,1005,1020,165730,-0.037735849056603765
2018-10-10,1030,1035,988,989,310959,-0.0303921568627451
2018-10-11,989,999,940,946,238078,-0.04347826086956519
2018-10-12,900,985,900,976,178434,0.031712473572938604
2018-10-15,980,982,940,955,84923,-0.021516393442622905
2018-10-16,964,964,950,957,41574,0.0020942408376962707
2018-10-17,971,1025,964,981,117250,0.02507836990595602
2018-10-18,988,997,955,966,47701,-0.015290519877675823
2018-10-19,946,954,927,944,93231,-0.022774327122153215
2018-10-22,944,953,932,937,52728,-0.007415254237288171
2018-10-23,944,947,911,923,91247,-0.014941302027748127
2018-10-24,908,933,895,900,150262,-0.024918743228602436
2018-10-25,895,895,831,858,206361,-0.046666666666666634
2018-10-26,865,877,844,855,161248,-0.0034965034965035446
2018-10-29,854,899,753,800,314437,-0.06432748538011701
2018-10-30,800,821,736,803,150861,0.00374999999999992
2018-10-31,782,810,764,810,178878,0.008717310087173136
2018-11-01,810,868,809,863,59738,0.06543209876543199
2018-11-02,855,967,855,952,207370,0.10312862108922372
2018-11-05,953,1180,922,1065,1854040,0.11869747899159666
2018-11-06,1065,1145,1060,1085,626440,0.018779342723004744
2018-11-07,1090,1130,988,1010,356881,-0.06912442396313367
2018-11-08,1020,1045,995,1035,102377,0.024752475247524774
2018-11-09,1025,1035,991,1010,94143,-0.024154589371980673
2018-11-12,1010,1030,990,997,50323,-0.012871287128712883
2018-11-13,957,1010,957,998,57438,0.0010030090270811698
2018-11-14,990,1050,990,995,99508,-0.0030060120240480437
2018-11-15,1020,1020,998,1010,29251,0.015075376884422065
2018-11-16,1010,1020,997,1000,55154,-0.00990099009900991
2018-11-19,1000,1090,995,1010,253059,0.010000000000000009
2018-11-20,1010,1010,986,998,136412,-0.011881188118811892
2018-11-21,998,1045,992,1015,250564,0.017034068136272618
2018-11-22,1045,1145,1020,1060,1346263,0.044334975369458185
2018-11-23,1070,1150,1050,1145,1034701,0.08018867924528306
2018-11-26,1150,1155,1105,1145,452016,0.0
2018-11-27,1150,1160,1115,1145,257018,0.0
2018-11-28,1145,1170,1095,1120,278252,-0.02183406113537123
2018-11-29,1120,1140,1080,1095,189000,-0.022321428571428603
2018-11-30,1100,1140,1100,1120,159066,0.022831050228310446
2018-12-03,1115,1170,1095,1150,357697,0.02678571428571419
2018-12-04,1145,1300,1135,1255,1447134,0.09130434782608687
2018-12-05,1250,1295,1180,1250,737867,-0.003984063745019917
2018-12-06,1250,1350,1230,1325,1601003,0.06000000000000005
2018-12-07,1325,1340,1255,1300,786679,-0.018867924528301883
2018-12-10,1290,1315,1245,1255,644297,-0.0346153846153846
2018-12-11,1255,1295,1230,1255,117476,0.0
2018-12-12,1230,1290,1230,1260,382993,0.003984063745019917
2018-12-13,1260,1350,1255,1350,563852,0.0714285714285714
2018-12-14,1350,1355,1230,1305,554944,-0.033333333333333326
2018-12-17,1205,1255,999,1040,2711664,-0.2030651340996169
2018-12-18,1035,1235,1015,1180,2086201,0.13461538461538458
2018-12-19,1150,1230,1135,1185,258482,0.004237288135593209
2018-12-20,1175,1210,1080,1140,339818,-0.03797468354430378
2018-12-21,1100,1110,1040,1100,440167,-0.03508771929824561
2018-12-24,1100,1135,1050,1100,265931,0.0
2018-12-26,1095,1110,1055,1100,207459,0.0
2018-12-27,1120,1165,1085,1125,316568,0.022727272727272707
2018-12-28,1125,1135,1105,1130,132281,0.004444444444444473
2019-01-02,1135,1155,1080,1105,197104,-0.02212389380530977
2019-01-03,1105,1120,1085,1105,146430,0.0
2019-01-04,1110,1200,1075,1195,421451,0.08144796380090491
2019-01-07,1200,1280,1185,1230,477136,0.029288702928870203
2019-01-08,1235,1265,1200,1235,190602,0.004065040650406582
2019-01-09,1225,1260,1185,1195,224714,-0.03238866396761131
2019-01-10,1200,1220,1170,1215,133376,0.01673640167364021
2019-01-11,1180,1180,1000,1080,2356899,-0.11111111111111116
2019-01-14,1075,1075,1015,1055,479130,-0.02314814814814814
2019-01-15,1055,1100,1035,1085,516720,0.028436018957346043
2019-01-16,1115,1155,1075,1145,523144,0.055299539170506895
2019-01-17,1150,1165,1125,1155,271277,0.008733624454148492
2019-01-18,1155,1180,1155,1170,195166,0.01298701298701288
2019-01-21,1170,1175,1125,1170,174512,0.0
2019-01-22,1160,1180,1155,1155,118388,-0.012820512820512775
2019-01-23,1195,1195,1125,1125,106624,-0.025974025974025983
2019-01-24,1115,1130,1070,1120,162600,-0.004444444444444473
2019-01-25,1120,1190,1090,1135,126811,0.013392857142857206
2019-01-28,1125,1180,1125,1135,64368,0.0
2019-01-29,1135,1155,1100,1115,108857,-0.017621145374449365
2019-01-30,1120,1125,1070,1085,238067,-0.026905829596412523
2019-01-31,1095,1095,1020,1045,248964,-0.03686635944700456
2019-02-01,1050,1070,1030,1070,94632,0.02392344497607657
2019-02-07,1075,1080,1045,1070,104247,0.0
2019-02-08,1070,1105,1070,1075,167879,0.004672897196261738
2019-02-11,1055,1075,1035,1060,168431,-0.013953488372092981
2019-02-12,1060,1075,980,999,487780,-0.0575471698113208
2019-02-13,1010,1150,999,1115,932427,0.11611611611611616
2019-02-14,1115,1115,1065,1080,236044,-0.03139013452914796
2019-02-15,1075,1130,1060,1065,238049,-0.01388888888888884
2019-02-18,1070,1165,1050,1160,427700,0.08920187793427226
2019-02-19,1150,1215,1120,1190,950949,0.02586206896551735
2019-02-20,1420,1420,1185,1200,961210,0.008403361344537785
2019-02-21,1205,1205,1120,1125,415107,-0.0625
2019-02-22,1135,1135,1000,1020,1008896,-0.09333333333333338
2019-02-25,810,924,810,896,10498022,-0.1215686274509804
2019-02-26,920,920,858,872,2028312,-0.0267857142857143
2019-02-27,863,928,851,916,2243382,0.050458715596330306
2019-02-28,924,1100,910,960,10459488,0.048034934497816595
2019-03-04,963,998,947,968,1028132,0.008333333333333304
2019-03-05,961,1015,960,1005,770023,0.038223140495867725
2019-03-06,1010,1040,989,1020,574229,0.014925373134328401
2019-03-07,1005,1020,998,1020,329359,0.0
2019-03-08,1015,1045,995,1000,486796,-0.019607843137254943
2019-03-11,1000,1020,998,999,314867,-0.0010000000000000009
2019-03-12,1030,1170,1005,1105,2026083,0.10610610610610616
2019-03-13,1100,1130,1045,1085,606553,-0.018099547511312264
2019-03-14,1050,1125,1045,1125,659124,0.03686635944700467
2019-03-15,1115,1170,1100,1120,583750,-0.004444444444444473
2019-03-18,1120,1345,1120,1310,4818714,0.1696428571428572
2019-03-19,1590,1590,1160,1245,6196879,-0.04961832061068705
2019-03-20,1265,1385,1205,1340,3375459,0.0763052208835342
2019-03-21,1340,1460,1295,1365,2906008,0.018656716417910557
2019-03-22,1410,1425,1330,1345,1161970,-0.0146520146520146
2019-03-25,1315,1340,1285,1340,580432,-0.0037174721189591198
2019-03-26,1320,1395,1295,1385,526910,0.033582089552238736
2019-03-27,1385,1410,1330,1355,626600,-0.02166064981949456
2019-03-28,1380,1395,1330,1380,329158,0.01845018450184499
2019-03-29,1400,1410,1340,1380,294693,0.0
2019-04-01,1395,1450,1360,1435,762112,0.03985507246376807
2019-04-02,1425,1465,1340,1345,818472,-0.06271777003484325
2019-04-03,1355,1425,1345,1400,336353,0.040892193308550207
2019-04-04,1395,1420,1365,1395,277709,-0.0035714285714285587
2019-04-05,1395,1395,1280,1320,982943,-0.053763440860215006
2019-04-08,1325,1340,1305,1320,273022,0.0
2019-04-09,1300,1325,1250,1295,494766,-0.018939393939393923
2019-04-10,1295,1385,1240,1365,697160,0.054054054054053946
2019-04-11,1365,1390,1310,1320,434165,-0.03296703296703296
2019-04-12,1300,1360,1280,1315,321871,-0.0037878787878787845
2019-04-15,1310,1400,1305,1355,642892,0.03041825095057038
2019-04-16,1335,1385,1280,1300,689831,-0.040590405904059046
2019-04-17,1300,1350,1280,1325,379119,0.019230769230769162
2019-04-18,1330,1330,1280,1315,299354,-0.007547169811320753
2019-04-19,1320,1325,1280,1290,238139,-0.019011406844106515
2019-04-22,1300,1355,1280,1345,539891,0.04263565891472876
2019-04-23,1355,1360,1300,1315,358502,-0.022304832713754608
2019-04-24,1310,1335,1290,1310,200432,-0.0038022813688213253
2019-04-25,1310,1370,1310,1350,424326,0.03053435114503822
2019-04-26,1370,1370,1330,1365,211996,0.011111111111111072
2019-04-29,1365,1680,1345,1665,8152679,0.2197802197802199
2019-04-30,1645,1740,1575,1640,2878481,-0.01501501501501501
2019-05-02,1665,1960,1660,1860,6063615,0.13414634146341453
2019-05-03,1865,1945,1785,1800,3236038,-0.032258064516129004
2019-05-07,1755,1965,1700,1905,2218427,0.05833333333333335
2019-05-08,1865,1900,1500,1550,5202493,-0.18635170603674545
2019-05-09,1480,1745,1480,1690,3063050,0.0903225806451613
2019-05-10,1620,1770,1620,1695,1041424,0.002958579881656709
2019-05-13,1655,1920,1655,1745,1429784,0.029498525073746285
2019-05-14,1745,1915,1680,1860,1527034,0.0659025787965617
2019-05-15,1900,2150,1845,2100,4264706,0.12903225806451624
2019-05-16,2100,2300,2020,2270,3145544,0.08095238095238089
2019-05-17,2220,2275,1950,2000,2531677,-0.11894273127753308
2019-05-20,2305,2440,2060,2110,3130022,0.05499999999999994
2019-05-21,2120,2255,2050,2120,1151230,0.004739336492890933
2019-05-22,2120,2200,2050,2140,514006,0.009433962264151052
2019-05-23,2110,2160,2020,2035,481391,-0.0490654205607477
2019-05-24,2080,2130,2030,2075,275569,0.019656019656019597
2019-05-27,2130,2130,1905,1950,587786,-0.06024096385542166
2019-05-28,2030,2120,1950,2050,648240,0.05128205128205132
2019-05-29,2005,2085,1905,2020,804743,-0.014634146341463428
2019-05-30,2070,2070,1775,1835,1721889,-0.09158415841584155
2019-05-31,1810,1905,1765,1790,1173737,-0.02452316076294281
2019-06-03,1765,1825,1680,1705,635428,-0.04748603351955305
2019-06-04,1925,2195,1855,2070,6189897,0.21407624633431088
2019-06-05,2005,2140,2000,2090,1362901,0.009661835748792313
2019-06-07,2090,2100,1950,1985,604425,-0.05023923444976075
2019-06-10,1985,2025,1880,1900,504127,-0.04282115869017633
2019-06-11,1875,1930,1750,1825,1061853,-0.03947368421052633
2019-06-12,1805,1850,1720,1850,530319,0.013698630136986356
2019-06-13,1895,1895,1785,1820,306717,-0.01621621621621616
2019-06-14,1835,1835,1705,1795,613914,-0.013736263736263687
2019-06-17,1815,1860,1690,1730,658386,-0.03621169916434541
2019-06-18,1760,1765,1670,1725,378477,-0.0028901734104046506
2019-06-19,1745,1780,1705,1725,317702,0.0
2019-06-20,1720,1890,1495,1525,3431960,-0.1159420289855072
2019-06-21,1740,1890,1565,1600,4775055,0.049180327868852514
2019-06-24,1630,1650,1510,1555,947639,-0.028124999999999956
2019-06-25,1550,1550,1420,1425,1202656,-0.0836012861736335
2019-06-26,1415,1555,1360,1475,1556811,0.03508771929824572
2019-06-27,1475,1515,1415,1435,689336,-0.027118644067796627
2019-06-28,1445,1500,1415,1465,484153,0.020905923344947785
2019-07-01,1465,1680,1465,1645,2682114,0.12286689419795227
2019-07-02,1615,1635,1560,1560,737297,-0.05167173252279633
2019-07-03,1560,1580,1420,1455,996167,-0.06730769230769229
2019-07-04,1420,1435,1300,1375,1409026,-0.054982817869415834
2019-07-05,1375,1410,1335,1340,565959,-0.025454545454545507
2019-07-08,1315,1380,1275,1285,954914,-0.04104477611940294
2019-07-09,1295,1315,1175,1205,1004319,-0.0622568093385214
2019-07-10,1210,1240,1190,1200,555478,-0.004149377593360981
2019-07-11,1220,1245,1200,1225,267375,0.02083333333333326
2019-07-12,1235,1270,1200,1270,345909,0.03673469387755102
2019-07-15,1280,1460,1255,1290,1974825,0.015748031496062964
2019-07-16,1295,1320,1200,1250,696829,-0.03100775193798455
2019-07-17,1250,1285,1220,1265,369088,0.01200000000000001
2019-07-18,1280,1285,1215,1220,313999,-0.035573122529644285
2019-07-19,1225,1260,1215,1255,190404,0.028688524590164022
2019-07-22,1290,1290,1180,1190,522356,-0.05179282868525892
2019-07-23,1190,1200,1080,1130,621282,-0.050420168067226934
2019-07-24,1125,1150,1050,1060,454471,-0.06194690265486724
2019-07-25,1070,1330,1015,1160,3238153,0.09433962264150941
2019-07-26,1155,1155,1030,1085,956789,-0.06465517241379315
2019-07-29,1050,1070,1005,1015,459530,-0.06451612903225812
2019-07-30,1015,1055,1015,1025,323576,0.009852216748768461
2019-07-31,1025,1060,1020,1060,200495,0.034146341463414664
2019-08-01,1085,1085,1010,1030,265654,-0.028301886792452824
2019-08-02,1035,1045,950,1035,168171,0.004854368932038833
2019-08-05,1005,1030,927,927,319485,-0.10434782608695647
2019-08-06,835,960,835,914,591730,-0.014023732470334394
2019-08-07,946,963,881,920,390920,0.006564551422319376
2019-08-08,979,979,894,894,439111,-0.02826086956521734
2019-08-09,896,935,884,918,735934,0.02684563758389258
2019-08-12,911,953,907,915,225253,-0.0032679738562091387
2019-08-13,932,939,899,926,146159,0.012021857923497192
2019-08-14,927,940,876,881,523405,-0.04859611231101513
2019-08-16,617,799,617,660,4904141,-0.2508513053348468
2019-08-19,670,776,670,724,1669693,0.09696969696969693
2019-08-20,725,734,703,721,329369,-0.004143646408839796
2019-08-21,734,734,699,708,413892,-0.018030513176144236
2019-08-22,715,760,708,729,353278,0.029661016949152463
2019-08-23,730,774,730,758,537916,0.03978052126200282
2019-08-26,750,754,700,728,223205,-0.0395778364116095
2019-08-27,738,762,734,749,158051,0.028846153846153744
2019-08-28,754,762,717,730,244099,-0.025367156208277675
2019-08-29,743,750,714,721,136741,-0.012328767123287676
2019-08-30,731,738,711,730,197523,0.012482662968099856
2019-09-02,726,737,717,726,66719,-0.005479452054794498
2019-09-03,726,729,698,708,692251,-0.024793388429752095
2019-09-04,708,708,687,691,409293,-0.02401129943502822
2019-09-05,705,705,675,687,284027,-0.005788712011577379
2019-09-06,687,697,684,690,207449,0.004366812227074135
2019-09-09,690,699,674,679,141246,-0.01594202898550723
2019-09-10,715,880,690,692,2767553,0.019145802650957222
2019-09-11,691,820,681,730,1238451,0.054913294797687806
2019-09-16,730,756,726,733,319557,0.004109589041095818
2019-09-17,727,799,727,789,641427,0.07639836289222379
2019-09-18,789,874,755,818,1474692,0.03675538656527255
2019-09-19,820,821,761,761,443468,-0.06968215158924207
2019-09-20,798,877,790,800,1474085,0.05124835742444156
2019-09-23,811,813,773,784,289845,-0.020000000000000018
2019-09-24,784,798,765,781,254026,-0.003826530612244916
2019-09-25,803,803,751,763,263985,-0.023047375160051176
2019-09-26,781,789,753,767,245452,0.005242463958060384
2019-09-27,794,794,752,758,204371,-0.011734028683181186
2019-09-30,736,764,700,700,353115,-0.07651715039577833
2019-10-01,715,725,663,718,218167,0.0257142857142858
2019-10-02,733,734,668,670,321991,-0.06685236768802227
2019-10-04,679,679,638,638,303629,-0.047761194029850795
2019-10-07,658,665,633,656,242103,0.028213166144200663
2019-10-08,676,714,657,675,332372,0.028963414634146423
2019-10-10,686,740,673,723,630232,0.07111111111111112
2019-10-11,758,915,720,830,6599605,0.1479944674965421
2019-10-14,834,904,785,807,2062109,-0.027710843373493943
2019-10-15,807,824,774,774,416919,-0.040892193308550207
2019-10-16,778,855,750,785,1372511,0.01421188630490966
2019-10-17,810,890,787,818,2318937,0.042038216560509545
2019-10-18,890,890,799,811,1278770,-0.008557457212713948
2019-10-21,811,811,771,781,366759,-0.036991368680641235
2019-10-22,802,822,756,773,785005,-0.010243277848911658
2019-10-23,789,870,761,788,2148033,0.019404915912031084
2019-10-24,788,841,780,799,748291,0.013959390862944066
2019-10-25,810,812,783,783,211662,-0.020025031289111372
2019-10-28,783,798,770,782,180016,-0.0012771392081737387
2019-10-29,782,804,773,781,202722,-0.0012787723785165905
2019-10-30,784,794,770,784,122790,0.003841229193341844
2019-10-31,784,788,763,763,248067,-0.0267857142857143
2019-11-01,754,782,733,743,367501,-0.026212319790301475
2019-11-04,745,771,733,740,755377,-0.004037685060565233
2019-11-05,758,758,723,725,352483,-0.020270270270270285
2019-11-06,770,770,718,719,295029,-0.008275862068965467
2019-11-07,726,737,667,695,678968,-0.033379694019471495
2019-11-08,670,678,632,678,1253743,-0.024460431654676262
2019-11-11,692,692,669,678,342142,0.0
2019-11-12,682,712,677,712,322219,0.05014749262536866
2019-11-13,713,839,700,770,4824202,0.0814606741573034
2019-11-14,771,869,755,805,2519787,0.045454545454545414
2019-11-15,805,818,760,799,673650,-0.007453416149068359
2019-11-18,799,813,773,792,570974,-0.008760951188986232
2019-11-19,790,790,765,770,343952,-0.02777777777777779
2019-11-20,777,781,745,759,254076,-0.014285714285714235
2019-11-21,769,769,700,750,167316,-0.011857707509881465
2019-11-22,750,789,715,764,315723,0.01866666666666661
2019-11-25,764,764,729,740,358514,-0.03141361256544506
2019-11-26,745,765,712,725,198207,-0.020270270270270285
2019-11-27,725,743,707,707,172203,-0.024827586206896513
2019-11-28,734,734,688,688,375278,-0.026874115983026914
2019-11-29,688,710,669,690,243773,0.0029069767441860517
2019-12-02,691,706,676,685,164140,-0.007246376811594235
2019-12-03,694,694,673,681,158883,-0.005839416058394109
2019-12-04,681,693,670,670,199882,-0.016152716593245242
2019-12-05,668,677,650,662,184949,-0.011940298507462699
2019-12-06,662,687,662,673,155846,0.0166163141993958
2019-12-09,671,683,659,674,104148,0.0014858841010401136
2019-12-10,0,0,0,674,0,0.0
2019-12-11,661,661,620,636,374352,-0.05637982195845692
2019-12-12,624,647,619,619,326602,-0.026729559748427723
2019-12-13,640,640,619,626,179109,0.011308562197092087
2019-12-16,677,677,624,632,177309,0.009584664536741228
2019-12-17,593,606,585,605,1216682,-0.04272151898734178
2019-12-18,599,603,574,585,563746,-0.03305785123966942
2019-12-19,586,588,564,568,409732,-0.029059829059829068
2019-12-20,568,578,558,563,179794,-0.008802816901408494
2019-12-23,558,570,520,533,621417,-0.05328596802841923
2019-12-24,545,545,515,519,232195,-0.026266416510318913
2019-12-26,526,559,519,545,359738,0.050096339113680166
2019-12-27,546,555,536,551,141436,0.011009174311926495
2019-12-30,551,560,547,555,161790,0.007259528130671544
2020-01-02,555,565,547,550,137454,-0.009009009009009028
2020-01-03,551,558,536,536,255840,-0.025454545454545507
2020-01-06,536,685,536,620,17220786,0.15671641791044766
2020-01-07,595,642,579,588,2336568,-0.05161290322580647
2020-01-08,592,598,559,580,574289,-0.013605442176870763
2020-01-09,597,597,570,587,308608,0.012068965517241459
2020-01-10,581,587,565,585,345417,-0.0034071550255536653
2020-01-13,586,594,568,594,495047,0.01538461538461533
2020-01-14,594,598,577,590,256681,-0.006734006734006703
2020-01-15,594,594,567,578,274242,-0.02033898305084747
2020-01-16,590,590,575,576,256956,-0.0034602076124568004
2020-01-17,577,669,575,607,4808391,0.05381944444444442
2020-01-20,607,740,603,645,5870496,0.06260296540362442
2020-01-21,646,648,604,604,955426,-0.06356589147286817
2020-01-22,604,614,582,588,539871,-0.026490066225165587
2020-01-23,584,600,580,600,203172,0.020408163265306145
2020-01-28,585,585,561,576,519426,-0.040000000000000036
2020-01-29,576,582,564,574,151518,-0.00347222222222221
2020-01-30,574,587,565,572,134701,-0.0034843205574912606
2020-01-31,572,573,530,560,358240,-0.020979020979020935
2020-02-03,550,555,538,544,230141,-0.02857142857142858
2020-02-04,542,544,530,538,295416,-0.011029411764705843
2020-02-05,547,547,525,527,211444,-0.020446096654275103
2020-02-06,533,538,521,538,185207,0.020872865275142205
2020-02-07,543,544,524,538,236374,0.0
2020-02-10,539,545,530,536,207920,-0.0037174721189591198
2020-02-11,531,555,531,547,244495,0.020522388059701413
2020-02-12,549,554,541,549,156897,0.003656307129798808
2020-02-13,554,554,536,548,216068,-0.0018214936247723523
2020-02-14,548,670,526,589,2396534,0.07481751824817517
2020-02-17,576,599,560,585,449230,-0.006791171477079749
2020-02-18,585,588,561,587,190673,0.0034188034188034067
2020-02-19,590,595,565,585,204263,-0.0034071550255536653
2020-02-20,571,585,564,575,168427,-0.017094017094017144
2020-02-21,575,580,553,555,241396,-0.034782608695652195
2020-02-24,555,565,523,532,253794,-0.04144144144144146
2020-02-25,516,550,516,525,153653,-0.013157894736842146
2020-02-26,522,548,520,521,120871,-0.007619047619047636
2020-02-27,527,596,525,530,808938,0.017274472168905985
2020-02-28,530,544,508,522,281860,-0.015094339622641506
2020-03-02,497,522,414,414,1259276,-0.2068965517241379
2020-03-03,415,538,399,538,4419729,0.2995169082125604
2020-03-04,533,699,525,585,17043671,0.08736059479553893
2020-03-05,570,595,533,541,2042311,-0.07521367521367517
2020-03-06,541,541,487,495,1369961,-0.08502772643253231
2020-03-09,495,504,462,477,381089,-0.036363636363636376
2020-03-10,478,595,450,522,3839868,0.09433962264150941
2020-03-11,522,566,485,516,1296063,-0.011494252873563204
2020-03-12,516,615,505,540,10242873,0.04651162790697683
2020-03-13,528,539,492,506,1121487,-0.062962962962963
2020-03-16,517,537,501,502,752423,-0.007905138339920903
2020-03-17,502,506,484,497,459191,-0.009960159362549792
2020-03-18,500,539,500,508,602425,0.02213279678068414
2020-03-19,513,520,460,465,655958,-0.08464566929133854
2020-03-20,467,525,467,496,1049198,0.06666666666666665
2020-03-23,625,625,495,510,3453595,0.02822580645161299
2020-03-24,514,555,514,533,622150,0.045098039215686336
2020-03-25,560,560,521,540,560709,0.013133208255159401
2020-03-26,540,579,528,528,1009681,-0.022222222222222254
2020-03-27,540,615,535,615,1235519,0.1647727272727273
2020-03-30,760,768,662,710,3468554,0.15447154471544722
2020-03-31,718,796,695,699,3258125,-0.015492957746478853
2020-04-01,700,729,699,720,1027043,0.030042918454935563
2020-04-02,767,767,691,727,1182617,0.009722222222222188
2020-04-03,719,809,717,800,2110415,0.10041265474552952
2020-04-06,850,932,810,890,2951714,0.11250000000000004
2020-04-07,895,935,893,908,1170950,0.020224719101123556
2020-04-08,925,944,905,908,1281196,0.0
2020-04-09,921,929,905,920,617884,0.013215859030837107
2020-04-10,939,942,890,914,814069,-0.006521739130434745
2020-04-13,914,918,833,882,920175,-0.035010940919037226
2020-04-14,860,899,850,870,639761,-0.013605442176870763
2020-04-16,868,877,836,874,615161,0.0045977011494253706
2020-04-17,874,900,852,890,460987,0.01830663615560635
2020-04-20,905,940,898,917,745810,0.030337078651685445
2020-04-21,937,937,848,900,885606,-0.018538713195201728
2020-04-22,910,910,804,804,852925,-0.10666666666666669
2020-04-23,780,805,752,771,1023534,-0.04104477611940294
2020-04-24,771,771,651,694,2930255,-0.09987029831387806
2020-04-27,697,720,688,714,822430,0.028818443804034644
2020-04-28,716,717,676,685,1056384,-0.040616246498599407
2020-04-29,688,688,632,645,1334306,-0.058394160583941646
2020-05-04,670,670,640,653,545089,0.01240310077519391
2020-05-06,660,747,658,738,1069868,0.13016845329249627
2020-05-07,735,736,696,719,717952,-0.0257452574525745
2020-05-08,717,748,701,736,469901,0.02364394993045904
2020-05-11,736,754,725,740,303114,0.005434782608695565
2020-05-12,745,751,709,718,389784,-0.02972972972972976
2020-05-13,708,730,690,730,229898,0.01671309192200554
2020-05-14,730,730,701,718,410736,-0.016438356164383605
2020-05-15,705,723,687,690,421983,-0.03899721448467963
2020-05-18,690,737,688,723,539583,0.047826086956521685
2020-05-19,723,730,702,715,285615,-0.011065006915629283
2020-05-20,716,730,676,687,806986,-0.03916083916083912
2020-05-21,696,696,673,681,460892,-0.008733624454148492
2020-05-22,690,690,660,668,514260,-0.019089574155653488
2020-05-25,655,660,598,658,667965,-0.014970059880239472
2020-05-26,658,673,649,660,189497,0.003039513677811634
2020-05-27,660,671,638,639,372817,-0.03181818181818186
2020-05-28,639,657,627,642,296341,0.0046948356807512415
2020-05-29,642,644,592,610,310307,-0.049844236760124616
2020-06-01,610,649,610,616,221441,0.009836065573770592
2020-06-02,616,619,601,616,211744,0.0
2020-06-03,630,630,601,612,238182,-0.00649350649350644
2020-06-04,612,618,601,617,478782,0.008169934640522847
2020-06-05,616,636,608,636,283010,0.030794165316045286
2020-06-08,630,793,627,731,5994694,0.14937106918238996
2020-06-09,731,813,712,749,3101451,0.024623803009576006
2020-06-10,762,774,727,749,713164,0.0
2020-06-11,749,749,680,702,630687,-0.06275033377837114
2020-06-12,690,745,670,735,542432,0.047008547008547064
2020-06-15,790,790,655,673,955309,-0.08435374149659869
2020-06-16,689,698,650,691,540875,0.026745913818722045
2020-06-17,691,723,666,710,666784,0.02749638205499272
2020-06-18,691,716,688,700,302470,-0.014084507042253502
2020-06-19,700,719,688,712,208018,0.017142857142857126
2020-06-22,712,719,646,662,687490,-0.0702247191011236
2020-06-23,667,687,647,658,384801,-0.0060422960725075026
2020-06-24,658,677,650,657,140076,-0.001519756838905817
2020-06-25,653,656,619,642,330690,-0.022831050228310557
2020-06-26,642,648,610,625,207086,-0.026479750778816147
2020-06-29,610,628,600,602,200919,-0.036800000000000055
2020-06-30,603,617,600,615,181004,0.021594684385382035
2020-07-01,615,630,586,597,256624,-0.029268292682926855
2020-07-02,597,614,593,613,179217,0.02680067001675046
2020-07-03,613,615,600,610,62712,-0.004893964110929905
2020-07-06,604,628,604,613,111595,0.004918032786885185
2020-07-07,624,624,600,602,106663,-0.01794453507340943
2020-07-08,609,609,590,599,162008,-0.004983388704318914
2020-07-09,599,694,590,649,912984,0.08347245409015036
2020-07-10,670,670,618,641,402351,-0.012326656394452962
2020-07-13,635,660,613,660,228095,0.029641185647425905
2020-07-14,660,761,660,723,1628185,0.09545454545454546
2020-07-15,716,724,690,694,552959,-0.04011065006915626
2020-07-16,701,744,690,700,537574,0.008645533141210304
2020-07-17,700,717,685,686,249472,-0.020000000000000018
2020-07-20,706,707,688,704,250322,0.026239067055393583
2020-07-21,696,718,658,671,809901,-0.046875
2020-07-22,678,694,650,674,465307,0.0044709388971684305
2020-07-23,674,674,638,663,347102,-0.016320474777448024
2020-07-24,663,663,644,657,220967,-0.009049773755656076
2020-07-27,657,695,657,691,399019,0.05175038051750391
2020-07-28,690,728,688,701,869581,0.01447178002894356
2020-07-29,693,720,687,705,212430,0.005706134094151105
2020-07-30,691,750,691,739,1030811,0.04822695035461
2020-07-31,701,745,701,725,511923,-0.018944519621109657
2020-08-03,737,737,704,704,197625,-0.0289655172413793
2020-08-04,704,729,699,729,476190,0.035511363636363535
2020-08-05,739,739,708,708,145188,-0.028806584362139898
2020-08-06,716,716,686,694,216054,-0.019774011299435013
2020-08-07,719,719,671,699,110658,0.007204610951008661
2020-08-10,698,734,696,716,696487,0.024320457796852546
2020-08-11,720,730,700,712,138578,-0.005586592178770999
2020-08-12,712,712,661,710,510946,-0.002808988764044895
2020-08-13,710,710,676,698,317908,-0.016901408450704203
2020-08-14,690,703,676,695,286180,-0.004297994269340966
2020-08-18,903,903,715,765,5775367,0.1007194244604317
2020-08-19,780,829,761,774,1051655,0.0117647058823529
2020-08-20,787,800,720,786,1444687,0.015503875968992276
2020-08-21,777,798,742,760,595459,-0.0330788804071247
2020-08-24,767,767,716,725,429921,-0.046052631578947345
2020-08-25,725,942,705,942,13453712,0.2993103448275862
2020-08-26,1000,1220,960,1220,8535056,0.2951167728237791
2020-08-27,1225,1490,946,1120,32715429,-0.08196721311475408
2020-08-28,1120,1285,1015,1060,11673521,-0.0535714285714286
2020-08-31,1050,1090,1000,1005,3064717,-0.05188679245283023
2020-09-01,994,1170,950,1075,8082869,0.06965174129353224
2020-09-02,1070,1390,1040,1245,23156180,0.1581395348837209
2020-09-03,1350,1350,1285,1305,3172447,0.04819277108433728
2020-09-04,1240,1370,1240,1355,1842018,0.03831417624521083
2020-09-07,1355,1740,1355,1675,3641396,0.23616236162361615
2020-09-08,1820,1820,1660,1815,2512399,0.08358208955223878
2020-09-09,1735,1940,1735,1810,1700735,-0.0027548209366391463
2020-09-10,1885,1885,1760,1810,1234452,0.0
2020-09-11,1810,1860,1550,1700,3859808,-0.06077348066298338
2020-09-14,1800,1800,1455,1460,4192401,-0.14117647058823535
2020-09-15,1480,1775,1460,1650,5613459,0.13013698630136994
2020-09-16,1660,1770,1580,1650,1662861,0.0
2020-09-17,1645,1700,1480,1505,2082870,-0.08787878787878789
2020-09-18,1545,1565,1465,1485,891356,-0.013289036544850474
2020-09-21,1575,1575,1490,1535,780620,0.03367003367003374
2020-09-22,1540,1650,1460,1500,1528706,-0.0228013029315961
2020-09-23,1575,1730,1555,1640,5374996,0.09333333333333327
2020-09-24,1650,1900,1610,1780,8468126,0.08536585365853666
2020-09-25,1765,1885,1670,1680,3106024,-0.0561797752808989
2020-09-28,1730,1800,1680,1720,1320155,0.023809523809523725
2020-09-29,1780,1835,1700,1775,2202898,0.03197674418604657
2020-10-05,1865,1870,1760,1770,908237,-0.0028169014084507005
2020-10-06,1780,1855,1745,1775,1134024,0.0028248587570620654
2020-10-07,1820,1825,1745,1800,1162474,0.014084507042253502
2020-10-08,1785,1835,1755,1805,1214628,0.002777777777777768
2020-10-12,1930,2015,1850,1995,5284962,0.10526315789473695
2020-10-13,2030,2185,1400,1425,16187875,-0.2857142857142857
2020-10-14,1545,1790,1485,1650,13014704,0.1578947368421053
2020-10-15,1700,1700,1560,1610,2590201,-0.024242424242424288
2020-10-16,1670,1670,1575,1620,1327054,0.006211180124223503
2020-10-19,1650,1700,1635,1660,1165773,0.024691358024691468
2020-10-20,1695,1740,1650,1675,1086078,0.009036144578313143
2020-10-21,1690,1690,1605,1610,717109,-0.03880597014925369
2020-10-22,1595,1660,1550,1600,1084542,-0.006211180124223614
2020-10-23,1650,1710,1550,1635,1471193,0.02187500000000009
2020-10-26,1615,1735,1615,1700,1271060,0.039755351681957096
2020-10-27,1705,1810,1690,1725,1400907,0.014705882352941124
2020-10-28,1775,1775,1640,1650,1283118,-0.04347826086956519
2020-10-29,1625,1690,1605,1645,702638,-0.00303030303030305
2020-10-30,1590,1675,1590,1630,657292,-0.00911854103343468
2020-11-02,1615,1680,1615,1645,611059,0.009202453987730008
2020-11-03,1630,1730,1630,1665,986962,0.012158054711246091
2020-11-04,1700,1710,1565,1600,896302,-0.03903903903903905
2020-11-05,1555,1660,1555,1610,494294,0.006250000000000089
2020-11-06,1645,1650,1580,1600,476118,-0.006211180124223614
2020-11-09,1640,1640,1520,1560,817280,-0.025000000000000022
2020-11-10,1565,1610,1510,1520,802559,-0.02564102564102566
2020-11-11,1530,1550,1445,1525,1058596,0.00328947368421062
2020-11-12,1540,1565,1500,1565,599924,0.026229508196721207
2020-11-13,1585,1595,1525,1550,664684,-0.009584664536741228
2020-11-16,1600,1680,1550,1680,1616036,0.08387096774193559
2020-11-17,1655,1850,1635,1795,2832460,0.06845238095238093
2020-11-18,1780,1835,1750,1820,1420896,0.013927576601671321
2020-11-19,1830,1900,1790,1865,1675158,0.024725274725274637
2020-11-20,1875,1885,1820,1840,793209,-0.013404825737265424
2020-11-23,1835,1840,1575,1765,3435203,-0.040760869565217406
2020-11-24,1745,1745,1675,1680,684422,-0.04815864022662886
2020-11-25,1690,1735,1640,1660,634821,-0.011904761904761862
2020-11-26,1660,1780,1660,1745,749198,0.051204819277108404
2020-11-27,1745,1820,1615,1680,1764282,-0.03724928366762181
2020-11-30,1690,1855,1690,1740,2615936,0.03571428571428581
2020-12-01,1760,1800,1720,1740,1191396,0.0
2020-12-02,1750,1800,1725,1755,779144,0.008620689655172376
2020-12-03,1715,1990,1700,1920,6333966,0.09401709401709413
2020-12-04,1880,1890,1780,1805,2804610,-0.05989583333333337
2020-12-07,1800,1865,1725,1760,1237868,-0.024930747922437657
2020-12-08,1760,1800,1680,1755,1249632,-0.0028409090909090606
2020-12-09,1745,1785,1745,1770,469254,0.008547008547008517
2020-12-10,1770,1795,1740,1790,659272,0.011299435028248483
2020-12-11,1780,1900,1760,1865,2317951,0.04189944134078205
2020-12-14,1895,2220,1890,2170,11306331,0.16353887399463818
2020-12-15,2210,2340,1880,2180,8815269,0.004608294930875667
2020-12-16,2180,2265,2085,2100,2262613,-0.03669724770642202
2020-12-17,2105,2395,2090,2355,7775590,0.12142857142857144
2020-12-18,2435,2895,2375,2640,8419953,0.12101910828025475
2020-12-21,2735,3010,2715,2930,10007065,0.10984848484848486
2020-12-22,2935,2985,2690,2930,5014743,0.0
2020-12-23,2850,3060,2785,2800,3970487,-0.04436860068259385
2020-12-24,2840,2880,2540,2605,3284038,-0.06964285714285712
2020-12-28,2605,2680,2485,2500,3119823,-0.040307101727447225
2020-12-29,2575,2935,2555,2810,4256825,0.12400000000000011
2020-12-30,2875,3000,2755,2760,3987421,-0.017793594306049876
